-180 -64.5
-120.768 -64.5
-61.536 -64.5
-2.304 -64.5
56.928 -64.5
116.16 -64.5
175.392 -64.5
-180 -39.0
-147.188 -39.0
-114.375 -39.0
-81.563 -39.0
-48.751 -39.0
-15.938 -39.0
16.874 -39.0
49.687 -39.0
82.499 -39.0
115.311 -39.0
148.124 -39.0
-180 -13.5
-153.775 -13.5
-127.551 -13.5
-101.326 -13.5
-75.102 -13.5
-48.877 -13.5
-22.652 -13.5
3.572 -13.5
29.797 -13.5
56.021 -13.5
82.246 -13.5
108.47 -13.5
134.695 -13.5
160.92 -13.5
-180 12.0
-153.93 12.0
-127.861 12.0
-101.791 12.0
-75.721 12.0
-49.652 12.0
-23.582 12.0
2.488 12.0
28.557 12.0
54.627 12.0
80.697 12.0
106.767 12.0
132.836 12.0
158.906 12.0
-180 37.5
-147.858 37.5
-115.716 37.5
-83.574 37.5
-51.432 37.5
-19.29 37.5
12.852 37.5
44.994 37.5
77.136 37.5
109.278 37.5
141.42 37.5
173.563 37.5
-180 63.0
-123.831 63.0
-67.663 63.0
-11.494 63.0
44.674 63.0
100.843 63.0
157.011 63.0
